0 1.0 1.1 1.2 1.3 1.4 1.5 1.75 2.0 3
1 0.032 0.037 0.043 0.047 0.051 0.053 0.060 0.065 0.032
2 0.024 0.028 0.032 0.036 0.039 0.041 0.045 0.049 0.024
3 0.037 0.043 0.048 0.051 0.055 0.057 0.064 0.068 0.037
4 0.028 0.032 0.036 0.039 0.041 0.044 0.048 0.052 0.028
5 0.037 0.044 0.052 0.057 0.063 0.067 0.077 0.085 0.037
6 0.028 0.033 0.039 0.044 0.047 0.051 0.059 0.065 0.028
7 0.047 0.053 0.060 0.065 0.071 0.075 0.084 0.091 0.047
8 0.035 0.040 0.045 0.049 0.053 0.056 0.063 0.069 0.035
9 0.045 0.049 0.052 0.056 0.059 0.060 0.065 0.069 0
10 0.035 0.037 0.040 0.043 0.044 0.045 0.049 0.052 0.035
11 0 0 0 0 0 0 0 0 0.045
12 0.035 0.043 0.051 0.057 0.063 0.068 0.080 0.088 0.035
13 0.057 0.064 0.071 0.076 0.080 0.084 0.091 0.097 0
14 0.043 0.048 0.053 0.057 0.060 0.064 0.069 0.073 0.043
15 0 0 0 0 0 0 0 0 0.057
16 0.043 0.051 0.059 0.065 0.071 0.076 0.087 0.096 0.043
17 0.056 0.064 0.072 0.079 0.085 0.089 0.100 0.107 0.056
18 0 0 0 0 0 0 0 0 0
